name: base
channels:
  - conda-forge
dependencies:
  - archspec=0.2.5=pyhd8ed1ab_0
  - boltons=24.0.0=pyhd8ed1ab_1
  - brotli-python=1.1.0=py312h275cf98_2
  - bzip2=1.0.8=h2466b09_7
  - ca-certificates=2024.12.14=h56e8100_0
  - certifi=2024.12.14=pyhd8ed1ab_0
  - cffi=1.17.1=py312h4389bb4_0
  - charset-normalizer=3.4.1=pyhd8ed1ab_0
  - colorama=0.4.6=pyhd8ed1ab_1
  - conda=24.11.3=py312h2e8e312_0
  - conda-libmamba-solver=24.9.0=pyhd8ed1ab_0
  - conda-package-handling=2.4.0=pyh7900ff3_2
  - conda-package-streaming=0.11.0=pyhd8ed1ab_0
  - distro=1.9.0=pyhd8ed1ab_1
  - fmt=11.0.2=h7f575de_0
  - frozendict=2.4.6=py312h4389bb4_0
  - h2=4.1.0=pyhd8ed1ab_1
  - hpack=4.0.0=pyhd8ed1ab_1
  - hyperframe=6.0.1=pyhd8ed1ab_1
  - idna=3.10=pyhd8ed1ab_1
  - jsonpatch=1.33=pyhd8ed1ab_1
  - jsonpointer=3.0.0=py312h2e8e312_1
  - krb5=1.21.3=hdf4eb48_0
  - libarchive=3.7.7=h979ed78_3
  - libcurl=8.11.1=h88aaa65_0
  - libexpat=2.6.4=he0c23c2_0
  - libffi=3.4.2=h8ffe710_5
  - libiconv=1.17=hcfcfb64_2
  - liblzma=5.6.3=h2466b09_1
  - libmamba=1.5.12=hc493ae7_0
  - libmambapy=1.5.12=py312h510e527_0
  - libsolv=0.7.30=hbb528cf_0
  - libsqlite=3.48.0=h67fdade_0
  - libssh2=1.11.1=he619c9f_0
  - libxml2=2.13.5=he286e8c_1
  - libzlib=1.3.1=h2466b09_2
  - lz4-c=1.10.0=h2466b09_1
  - lzo=2.10=hcfcfb64_1001
  - mamba=1.5.12=py312h5494d5c_0
  - menuinst=2.2.0=py312h275cf98_0
  - miniforge_console_shortcut=1.0=h57928b3_0
  - openssl=3.4.0=ha4e3fda_1
  - packaging=24.2=pyhd8ed1ab_2
  - pip=24.3.1=pyh8b19718_2
  - platformdirs=4.3.6=pyhd8ed1ab_1
  - pluggy=1.5.0=pyhd8ed1ab_1
  - pybind11-abi=4=hd8ed1ab_3
  - pycosat=0.6.6=py312h4389bb4_2
  - pycparser=2.22=pyh29332c3_1
  - pysocks=1.7.1=pyh09c184e_7
  - python=3.12.8=h3f84c4b_1_cpython
  - python_abi=3.12=5_cp312
  - reproc=14.2.5.post0=h2466b09_0
  - reproc-cpp=14.2.5.post0=he0c23c2_0
  - requests=2.32.3=pyhd8ed1ab_1
  - ruamel.yaml=0.18.10=py312h4389bb4_0
  - ruamel.yaml.clib=0.2.8=py312h4389bb4_1
  - setuptools=75.8.0=pyhff2d567_0
  - tk=8.6.13=h5226925_1
  - tqdm=4.67.1=pyhd8ed1ab_1
  - truststore=0.10.0=pyhd8ed1ab_0
  - tzdata=2025a=h78e105d_0
  - ucrt=10.0.22621.0=h57928b3_1
  - urllib3=2.3.0=pyhd8ed1ab_0
  - vc=14.3=ha32ba9b_23
  - vc14_runtime=14.42.34433=he29a5d6_23
  - vs2015_runtime=14.42.34433=hdffcdeb_23
  - wheel=0.45.1=pyhd8ed1ab_1
  - win_inet_pton=1.1.0=pyh7428d3b_8
  - yaml-cpp=0.8.0=h63175ca_0
  - zstandard=0.23.0=py312h7606c53_1
  - zstd=1.5.6=h0ea2cb4_0
  - pip:
      - contourpy==1.3.1
      - cycler==0.12.1
      - fonttools==4.56.0
      - kiwisolver==1.4.8
      - koreanize-matplotlib==0.1.1
      - matplotlib==3.10.1
      - numpy==2.2.3
      - pillow==11.1.0
      - pyparsing==3.2.1
      - python-dateutil==2.9.0.post0
      - six==1.17.0
prefix: C:\Users\Admin\miniforge3
